47 0 0 0 0 0 0 0 0 0 0 0 0 0 0 0 0 0 0 0 1 
36 29 26 61 0 0 0 0 0 0 0 0 0 0 0 0 0 0 0 0 1 
39 30 0 0 0 0 0 0 0 0 0 0 0 0 0 0 0 0 0 0 0 
21 21 0 0 0 0 0 0 0 0 0 0 0 0 0 0 0 0 0 0 0 
37 83 43 0 0 0 0 0 0 0 0 0 0 0 0 0 0 0 0 0 1 
14 30 40 39 71 0 0 0 0 0 0 0 0 0 0 0 0 0 0 0 1 
45 43 33 29 35 0 0 0 0 0 0 0 0 0 0 0 0 0 0 0 1 
8 49 54 33 29 35 0 0 0 0 0 0 0 0 0 0 0 0 0 0 1 
29 35 59 0 0 0 0 0 0 0 0 0 0 0 0 0 0 0 0 0 1 
8 49 54 33 0 0 0 0 0 0 0 0 0 0 0 0 0 0 0 0 1 
21 58 36 0 0 0 0 0 0 0 0 0 0 0 0 0 0 0 0 0 1 
21 58 51 38 0 0 0 0 0 0 0 0 0 0 0 0 0 0 0 0 1 
14 58 52 48 0 0 0 0 0 0 0 0 0 0 0 0 0 0 0 0 1 
46 8 67 66 48 0 0 0 0 0 0 0 0 0 0 0 0 0 0 0 1 
14 58 52 48 0 0 0 0 0 0 0 0 0 0 0 0 0 0 0 0 1 
27 8 82 27 52 0 0 0 0 0 0 0 0 0 0 0 0 0 0 0 1 
52 69 24 30 40 39 0 0 0 0 0 0 0 0 0 0 0 0 0 0 1 
58 72 39 35 0 0 0 0 0 0 0 0 0 0 0 0 0 0 0 0 1 
20 67 76 0 0 0 0 0 0 0 0 0 0 0 0 0 0 0 0 0 1 
45 0 27 90 0 0 0 0 0 0 0 0 0 0 0 0 0 0 0 0 1 
27 59 26 0 0 0 0 0 0 0 0 0 0 0 0 0 0 0 0 0 1 
45 0 88 27 0 0 0 0 0 0 0 0 0 0 0 0 0 0 0 0 1 
45 0 109 27 0 0 0 0 0 0 0 0 0 0 0 0 0 0 0 0 1 
45 0 46 27 0 0 0 0 0 0 0 0 0 0 0 0 0 0 0 0 1 
14 58 20 33 8 34 48 53 0 0 0 0 0 0 0 0 0 0 0 0 1 
52 33 35 30 71 0 0 0 0 0 0 0 0 0 0 0 0 0 0 0 1 
52 54 30 71 109 0 0 0 0 0 0 0 0 0 0 0 0 0 0 0 1 
58 47 89 48 53 0 0 0 0 0 0 0 0 0 0 0 0 0 0 0 1 
8 10 0 86 0 0 0 0 0 0 0 0 0 0 0 0 0 0 0 0 1 
45 22 57 49 0 0 0 0 0 0 0 0 0 0 0 0 0 0 0 0 1 
58 75 33 69 24 30 51 0 0 0 0 0 0 0 0 0 0 0 0 0 1 
20 67 76 0 0 0 0 0 0 0 0 0 0 0 0 0 0 0 0 0 1 
20 67 86 0 0 0 0 0 0 0 0 0 0 0 0 0 0 0 0 0 1 
34 54 16 35 0 0 0 0 0 0 0 0 0 0 0 0 0 0 0 0 1 
36 33 10 28 26 33 0 0 0 0 0 0 0 0 0 0 0 0 0 0 0 
36 14 21 33 0 0 0 0 0 0 0 0 0 0 0 0 0 0 0 0 0 
36 31 40 39 24 0 0 0 0 0 0 0 0 0 0 0 0 0 0 0 0 
21 45 24 15 12 0 0 0 0 0 0 0 0 0 0 0 0 0 0 0 0 
42 42 16 21 17 0 0 0 0 0 0 0 0 0 0 0 0 0 0 0 0 
42 40 22 32 25 1 0 0 0 0 0 0 0 0 0 0 0 0 0 0 0 
38 40 32 25 0 0 0 0 0 0 0 0 0 0 0 0 0 0 0 0 0 
36 59 15 0 0 0 0 0 0 0 0 0 0 0 0 0 0 0 0 0 0 
30 40 36 29 33 47 1 0 0 0 0 0 0 0 0 0 0 0 0 0 0 
21 26 32 42 18 15 0 0 0 0 0 0 0 0 0 0 0 0 0 0 0 
30 40 21 19 42 16 0 0 0 0 0 0 0 0 0 0 0 0 0 0 0 
21 38 24 21 0 0 0 0 0 0 0 0 0 0 0 0 0 0 0 0 0 
36 29 17 17 15 0 0 0 0 0 0 0 0 0 0 0 0 0 0 0 0 
21 52 29 15 12 0 0 0 0 0 0 0 0 0 0 0 0 0 0 0 0 
37 32 36 -41 24 15 0 0 0 0 0 0 0 0 0 0 0 0 0 0 0 
36 15 19 30 59 0 0 0 0 0 0 0 0 0 0 0 0 0 0 0 0 
18 11 11 15 12 0 0 0 0 0 0 0 0 0 0 0 0 0 0 0 0 
30 40 21 50 38 31 44 0 0 0 0 0 0 0 0 0 0 0 0 0 0 
36 35 19 15 0 0 0 0 0 0 0 0 0 0 0 0 0 0 0 0 0 
30 40 40 7 44 38 12 0 0 0 0 0 0 0 0 0 0 0 0 0 0 
9 9 0 0 0 0 0 0 0 0 0 0 0 0 0 0 0 0 0 0 0 
36 35 17 15 0 0 0 0 0 0 0 0 0 0 0 0 0 0 0 0 0 
52 32 42 27 0 0 0 0 0 0 0 0 0 0 0 0 0 0 0 0 0 
33 30 0 0 0 0 0 0 0 0 0 0 0 0 0 0 0 0 0 0 0 
48 73 8 43 0 0 0 0 0 0 0 0 0 0 0 0 0 0 0 0 1 
30 24 31 0 0 0 0 0 0 0 0 0 0 0 0 0 0 0 0 0 1 
46 60 73 8 43 0 0 0 0 0 0 0 0 0 0 0 0 0 0 0 1 
46 31 73 8 43 0 0 0 0 0 0 0 0 0 0 0 0 0 0 0 1 
48 73 8 54 27 0 0 0 0 0 0 0 0 0 0 0 0 0 0 0 1 
20 63 29 38 0 0 0 0 0 0 0 0 0 0 0 0 0 0 0 0 1 
84 27 0 0 0 0 0 0 0 0 0 0 0 0 0 0 0 0 0 0 1 
30 26 58 46 8 29 13 0 0 0 0 0 0 0 0 0 0 0 0 0 1 
20 56 24 49 0 0 0 0 0 0 0 0 0 0 0 0 0 0 0 0 1 
26 58 0 0 0 0 0 0 0 0 0 0 0 0 0 0 0 0 0 0 1 
26 58 51 0 0 0 0 0 0 0 0 0 0 0 0 0 0 0 0 0 1 
30 40 21 29 33 19 12 0 0 0 0 0 0 0 0 0 0 0 0 0 0 
30 40 36 29 18 57 36 35 0 0 0 0 0 0 0 0 0 0 0 0 0 
21 38 24 21 0 0 0 0 0 0 0 0 0 0 0 0 0 0 0 0 0 
36 29 14 17 17 15 0 0 0 0 0 0 0 0 0 0 0 0 0 0 0 
44 47 17 17 15 0 0 0 0 0 0 0 0 0 0 0 0 0 0 0 0 
42 16 14 0 0 0 0 0 0 0 0 0 0 0 0 0 0 0 0 0 0 
21 23 0 0 0 0 0 0 0 0 0 0 0 0 0 0 0 0 0 0 0 
21 21 51 14 59 44 27 0 0 0 0 0 0 0 0 0 0 0 0 0 0 
21 40 11 17 0 0 0 0 0 0 0 0 0 0 0 0 0 0 0 0 0 
41 17 42 16 36 31 15 0 0 0 0 0 0 0 0 0 0 0 0 0 0 
40 7 44 38 12 0 0 0 0 0 0 0 0 0 0 0 0 0 0 0 0 
14 58 32 0 37 43 0 0 0 0 0 0 0 0 0 0 0 0 0 0 1 