0 0 0 0 0 0 0 47 0 0 0 0 0 0 0 0 0 0 0 0 0 0 0 0 0 0 1 
0 0 0 0 0 0 0 54 18 0 0 0 36 16 0 0 0 0 0 0 0 0 0 0 0 0 1 
0 0 0 0 0 0 0 14 0 0 0 0 0 21 0 0 0 0 0 0 0 0 0 0 0 0 0 
0 0 0 0 0 0 37 0 0 34 0 0 71 0 0 0 0 0 0 0 0 0 0 0 0 0 1 
0 0 0 0 0 67 33 0 0 0 0 0 0 0 0 0 0 0 0 0 15 0 0 0 58 0 1 
0 0 0 0 0 0 0 0 20 0 0 0 0 0 0 0 0 0 58 0 0 0 0 0 0 0 1 
0 0 0 0 0 0 0 3 8 0 0 0 0 73 0 0 0 0 0 0 0 0 0 0 0 0 1 
22 0 0 0 0 0 0 0 45 0 0 0 0 36 0 0 0 40 0 0 0 0 0 0 0 0 1 
0 0 0 0 0 70 0 0 0 0 0 40 0 0 10 0 0 0 0 11 0 0 0 0 58 0 1 
0 0 0 0 0 0 0 0 20 0 0 0 0 0 0 0 0 0 58 0 0 0 0 0 0 0 1 
0 0 0 0 0 0 0 0 20 0 0 0 0 0 0 0 0 0 49 0 0 0 0 0 62 0 1 
0 0 34 0 0 0 0 0 0 0 0 0 4 0 0 0 0 0 0 0 15 0 32 0 0 0 1 
0 0 0 0 0 0 0 0 0 0 0 0 14 0 0 0 0 0 0 0 0 0 0 0 28 8 0 
0 0 0 0 0 0 4 0 0 0 0 0 14 0 0 0 0 0 15 0 0 0 36 0 4 8 0 
0 20 0 0 0 0 0 0 0 0 4 0 0 0 0 0 0 0 15 0 0 0 36 0 0 0 0 
0 0 0 0 0 0 0 33 0 0 0 0 0 0 0 0 8 0 0 0 0 0 36 8 0 14 0 
0 8 0 0 0 0 0 0 0 0 0 0 0 0 0 0 0 0 0 0 0 0 0 0 0 0 0 
0 0 0 0 0 0 0 28 0 8 0 4 0 0 0 0 0 0 0 0 0 0 36 0 0 0 0 
0 0 0 0 0 0 0 0 0 0 0 0 0 0 0 0 0 0 24 8 0 0 0 0 8 52 0 
0 0 0 0 0 0 0 0 0 21 0 0 0 0 0 0 0 0 0 0 0 0 0 0 0 33 0 
0 62 0 0 0 0 0 25 0 0 0 0 0 0 0 0 0 0 0 0 0 0 48 0 34 0 1 
0 0 0 0 0 0 0 0 0 0 0 8 4 21 0 0 0 0 24 0 0 0 0 0 0 34 0 
21 0 0 41 0 0 0 43 0 0 0 0 0 0 0 0 0 0 0 0 0 0 0 0 34 0 1 
0 0 0 0 0 0 0 14 0 0 0 0 0 21 0 0 0 0 0 0 0 0 0 0 0 0 0 
0 0 0 0 0 0 0 0 92 0 0 34 62 0 0 0 0 0 0 14 0 0 0 0 34 0 1 
0 0 0 0 0 0 0 0 0 8 0 8 0 0 0 0 0 36 21 0 0 0 14 8 8 8 0 
21 0 0 0 0 70 0 0 0 0 0 0 0 0 0 0 0 0 0 0 0 0 0 0 58 0 1 
0 0 0 4 0 0 4 0 0 0 0 0 0 21 0 0 0 17 41 0 0 0 0 21 33 0 0 
0 0 22 32 0 0 0 0 0 0 0 0 4 0 0 52 0 0 0 0 0 0 0 0 0 0 1 
0 0 0 0 0 0 0 0 0 22 0 0 0 0 0 0 43 0 0 0 0 0 12 0 0 0 0 
0 0 0 0 0 27 0 25 8 0 0 0 0 0 0 0 0 0 0 0 0 0 0 0 0 0 1 
0 0 0 28 0 0 0 0 0 27 0 4 0 0 0 0 0 0 0 0 0 0 36 27 34 0 0 
22 4 13 0 0 45 0 33 0 0 0 0 0 0 5 0 0 0 0 14 0 0 0 0 34 0 1 
0 0 30 4 0 0 0 0 0 0 0 0 0 8 0 23 0 0 0 0 0 0 12 8 34 0 0 
0 0 0 0 79 0 0 0 0 0 0 0 0 27 0 0 0 0 0 0 0 0 0 0 0 0 1 
0 0 0 4 17 0 0 33 0 0 0 27 0 0 0 37 0 0 0 0 0 0 0 0 0 0 0 
43 21 0 0 0 0 0 25 13 0 0 33 0 0 0 0 0 0 0 0 0 0 0 0 34 0 1 
0 0 0 34 0 0 34 0 0 28 0 4 12 21 0 0 0 0 0 0 0 0 0 0 0 27 0 
0 0 0 0 0 0 39 26 0 0 0 0 4 0 0 0 0 0 0 0 0 0 0 0 0 0 1 
0 0 0 0 0 0 4 0 0 0 0 0 0 0 0 0 0 0 0 0 0 0 14 0 33 0 0 
0 0 0 17 0 0 0 0 0 0 0 22 0 0 0 0 0 0 0 80 0 0 0 0 34 0 1 
0 0 0 0 0 0 0 33 0 0 0 21 0 21 0 0 0 0 0 0 0 0 0 8 34 0 0 
0 0 0 0 0 0 0 0 0 0 0 0 0 0 0 0 0 0 55 0 0 0 21 0 0 0 1 
0 0 40 0 0 0 8 0 0 0 0 0 4 4 0 0 0 0 24 0 0 0 36 0 27 0 0 
0 0 0 0 0 0 0 0 0 0 0 0 0 0 17 0 0 7 0 30 0 0 0 0 0 0 1 
0 0 0 4 0 0 0 40 0 0 0 0 0 0 0 0 0 0 4 0 0 0 0 0 0 0 0 
16 0 0 64 0 0 23 85 0 0 0 0 0 0 0 0 0 0 0 0 15 0 0 0 0 0 1 
0 0 46 0 0 20 19 0 0 0 28 0 0 0 0 0 0 0 0 0 0 0 0 0 8 0 0 
0 0 0 0 0 0 0 20 0 0 0 0 0 0 0 0 0 0 84 0 0 0 0 0 0 0 1 
0 0 0 0 0 0 0 14 0 0 0 0 0 0 0 0 0 0 0 0 0 0 0 8 0 0 0 
0 0 0 0 0 0 0 0 0 0 0 40 0 0 0 0 0 0 26 0 0 0 0 0 34 0 1 
0 0 0 0 0 0 0 28 0 21 0 0 0 0 0 0 0 0 0 0 0 0 0 0 32 0 0 
0 0 0 49 0 0 0 0 45 0 0 0 0 0 0 0 0 0 0 0 48 0 0 0 0 0 1 
0 0 0 14 0 0 0 0 0 0 0 4 0 0 0 0 0 0 44 0 0 0 0 8 0 0 0 
0 0 0 0 0 0 37 0 0 15 0 0 0 0 0 0 0 0 0 0 0 0 0 0 0 0 1 
0 19 0 0 0 0 0 0 0 0 0 4 0 0 0 0 0 0 0 27 0 0 0 0 0 0 0 
0 0 32 0 0 0 0 0 8 0 23 0 48 26 5 0 0 0 0 11 0 0 0 0 0 0 1 
0 0 0 0 0 0 0 0 0 21 0 0 0 21 0 0 0 0 33 0 0 0 0 0 0 41 0 
0 0 0 89 0 0 0 0 18 0 0 0 0 0 0 0 0 0 47 0 0 0 53 0 51 0 1 
0 0 0 8 0 0 0 0 0 8 28 0 13 8 0 0 0 0 24 0 0 0 34 0 0 11 0 
0 0 51 0 99 0 0 0 0 0 0 0 0 0 0 0 0 0 0 24 0 0 0 0 0 0 1 
0 0 0 8 0 0 33 0 0 0 38 0 0 0 0 0 27 0 15 0 0 0 0 22 0 0 0 
0 0 104 0 0 0 0 0 0 0 0 0 0 0 0 52 0 0 56 14 0 0 0 0 0 0 1 
0 19 0 0 0 20 0 0 0 0 4 0 0 0 0 0 43 17 0 33 0 0 14 0 0 40 0 
22 0 0 24 0 0 0 0 0 0 0 93 0 14 0 0 0 0 0 51 41 0 18 0 0 0 1 
0 0 0 34 0 0 0 0 0 0 0 28 12 0 0 0 0 0 0 21 0 0 20 8 34 30 0 
0 4 15 0 95 0 0 0 0 0 0 0 24 0 0 0 0 80 0 0 0 0 0 0 0 0 1 
0 12 0 8 0 0 0 28 0 0 28 0 0 23 0 0 0 0 0 28 0 0 36 0 0 0 0 
0 21 23 0 0 31 0 30 19 0 0 0 4 33 41 37 0 0 60 30 0 0 0 0 0 0 1 
0 19 0 13 0 13 4 0 0 0 13 0 0 0 0 0 21 20 41 0 0 0 14 8 8 0 0 
0 12 0 0 0 0 0 36 13 0 0 0 0 0 59 19 0 0 0 11 0 0 0 0 0 0 1 
0 15 14 0 0 0 34 4 0 0 0 0 21 0 0 0 0 20 0 0 0 0 0 27 8 34 0 
0 0 0 64 0 0 0 0 0 0 0 0 46 0 0 0 0 0 40 30 0 0 18 0 0 0 1 
0 12 30 0 0 0 34 28 0 8 0 0 0 0 0 27 0 0 33 0 0 0 0 50 34 40 0 
0 0 0 103 0 0 0 0 0 0 0 0 0 0 0 49 0 0 0 0 0 0 44 0 0 0 1 
0 20 0 0 0 20 34 0 0 0 0 27 0 0 0 0 0 0 0 0 0 0 0 0 0 40 0 
18 0 0 0 0 0 39 0 0 0 0 0 0 0 0 74 0 0 41 11 0 0 0 0 0 0 1 
13 0 0 0 0 0 12 0 0 30 28 0 0 0 0 0 0 0 0 0 0 0 14 0 0 0 0 
0 0 0 0 90 0 0 0 62 0 0 0 0 0 0 67 0 0 0 14 0 0 80 0 0 0 1 
0 0 0 21 0 0 33 0 0 0 0 0 0 0 0 22 0 0 33 8 0 0 0 0 0 8 0 
48 0 48 0 0 0 39 0 0 0 0 14 4 54 5 38 0 0 0 11 0 0 0 0 0 0 1 
13 0 21 21 0 0 12 20 0 0 0 0 0 0 0 0 43 0 0 0 0 0 14 0 0 0 0 
0 0 0 0 0 31 0 43 0 0 0 0 71 0 0 34 0 0 0 14 0 0 0 0 0 0 1 
0 15 0 28 0 20 34 4 0 0 0 0 0 0 0 12 0 20 15 0 0 0 0 0 0 0 0 
0 0 0 14 95 0 0 0 0 0 0 36 24 0 0 22 0 0 55 0 0 0 48 0 0 0 1 
0 13 0 28 0 0 34 0 0 0 38 0 4 0 0 0 0 0 15 0 0 0 0 0 0 17 0 
0 0 28 0 99 43 0 0 0 0 35 0 0 0 0 0 0 0 0 14 0 0 0 0 0 0 1 
0 0 35 0 0 0 34 13 0 0 0 0 0 0 0 0 0 0 0 0 0 0 19 0 0 40 0 
0 4 13 0 0 50 0 0 67 0 0 0 0 33 0 0 0 0 42 0 0 0 53 0 0 0 1 
0 20 7 14 0 0 0 14 0 0 0 0 4 0 0 0 0 20 27 0 0 0 34 0 0 0 0 
63 0 0 89 0 0 0 0 18 0 0 0 0 0 0 0 0 0 0 30 0 0 50 0 0 0 1 
0 0 34 8 0 0 0 0 0 0 38 4 0 0 0 0 0 0 0 21 0 0 0 0 0 15 0 
0 0 0 0 0 0 0 0 0 0 0 0 0 54 0 0 65 0 60 0 0 0 0 0 0 0 1 
0 0 7 16 0 0 0 14 0 0 0 0 0 0 0 0 0 0 0 0 0 0 0 33 0 0 0 
0 0 0 43 95 0 23 0 0 0 0 0 0 54 0 0 0 0 36 11 0 0 24 0 0 0 1 
0 0 0 13 0 0 12 14 0 17 28 0 12 0 0 0 0 0 15 0 0 0 14 0 0 0 0 
0 44 22 89 0 0 0 0 0 0 0 0 0 0 0 0 0 0 0 0 0 0 52 0 34 0 1 
0 20 0 21 0 0 0 20 0 21 0 21 0 0 0 23 21 0 0 0 0 0 0 8 0 0 0 
0 0 0 0 0 0 0 0 18 0 0 0 0 54 0 0 0 0 0 52 0 0 50 0 0 0 1 
0 0 34 21 0 0 4 14 0 0 0 0 0 0 0 0 0 0 15 0 0 0 20 0 0 36 0 
0 0 96 14 0 0 0 0 0 0 0 0 0 0 0 0 0 0 56 0 0 0 0 0 34 0 1 
0 0 0 8 0 20 0 0 0 0 0 0 0 21 0 0 0 0 41 0 0 0 20 0 0 34 0 
0 0 0 0 0 0 0 43 19 0 0 33 0 0 0 0 0 0 0 14 0 0 30 0 0 0 1 
0 0 0 34 0 0 0 0 0 28 0 0 0 0 0 23 0 0 0 0 0 0 0 20 14 0 0 
0 0 0 0 0 0 0 7 0 0 0 34 0 0 0 0 0 0 0 0 0 0 0 0 0 0 1 
28 0 51 0 0 0 23 36 19 0 0 0 29 0 0 52 0 0 65 14 0 0 30 0 0 0 1 
0 0 0 34 0 12 34 34 0 8 0 0 17 0 0 0 0 20 21 0 0 0 39 8 24 0 0 
0 0 0 0 0 0 0 31 19 0 0 0 0 0 13 0 0 0 11 69 0 0 0 0 37 0 1 
0 0 27 4 17 0 0 14 0 0 0 8 17 21 0 0 8 0 41 0 0 0 0 27 0 0 0 
0 0 0 0 95 0 0 0 101 0 0 0 0 0 0 0 0 0 0 0 0 0 0 0 0 0 1 
0 0 0 8 0 0 0 0 0 12 28 24 0 0 0 0 0 0 0 0 0 0 0 0 0 0 0 
0 0 0 0 0 0 0 0 0 0 0 0 0 0 0 75 0 0 0 11 0 0 34 0 0 0 1 
0 0 33 0 0 0 0 0 0 0 0 0 0 0 0 21 0 0 44 8 0 0 17 0 0 8 0 
16 0 37 0 0 0 66 0 0 0 0 0 0 0 0 0 0 58 96 0 0 0 0 0 0 0 1 
0 21 40 0 0 0 0 4 0 8 0 0 0 0 0 0 12 0 0 0 0 0 0 21 33 0 0 
0 0 0 14 0 0 0 0 18 0 0 0 0 0 0 22 0 46 57 11 0 0 48 0 0 0 1 
0 13 0 14 0 0 34 0 0 21 0 0 4 0 0 0 0 0 21 0 0 0 0 21 0 17 0 
0 0 101 88 0 0 0 0 18 0 0 0 0 0 0 0 0 0 0 0 0 0 48 0 0 0 1 
0 14 0 0 0 0 33 0 0 0 0 0 4 0 0 0 0 0 15 0 0 0 0 0 0 0 0 
0 0 0 0 0 60 0 0 0 0 0 0 0 0 0 87 0 0 0 0 0 0 0 0 0 0 1 
0 8 0 0 0 25 0 0 0 0 33 0 0 0 0 0 0 0 15 0 0 0 0 0 0 0 0 
0 0 104 0 95 31 0 0 0 0 0 0 0 0 0 0 0 0 0 14 0 0 0 0 0 0 1 
0 8 0 8 0 0 0 20 0 0 28 0 0 0 0 0 20 0 15 0 0 0 0 0 0 0 0 
0 39 0 0 95 0 0 18 0 0 0 0 19 33 39 0 0 46 36 30 0 0 0 0 23 0 1 
0 12 27 13 0 0 0 8 0 21 38 4 0 0 0 0 20 0 15 0 0 0 12 0 0 0 0 
0 0 34 89 0 0 0 0 0 0 0 0 0 0 0 20 0 0 0 11 15 0 0 0 34 0 1 
0 21 0 4 0 0 0 0 0 21 0 0 0 23 0 8 0 0 41 0 0 0 0 0 33 15 0 
16 0 15 121 95 0 0 0 0 0 0 0 19 0 0 0 0 43 20 0 0 0 0 0 0 0 1 
0 20 0 0 0 0 13 0 0 21 28 0 0 0 0 8 0 0 41 0 0 0 0 0 8 0 0 
0 0 0 15 0 0 0 43 0 0 0 0 0 0 0 0 0 0 0 11 0 0 41 0 0 0 1 
0 0 27 0 0 0 0 4 0 21 0 8 0 0 0 0 0 20 0 0 0 0 0 0 0 0 0 
0 0 0 0 0 0 0 0 0 0 0 0 0 0 0 0 0 0 0 0 0 0 0 0 0 0 0 
0 39 0 15 95 0 0 36 19 0 0 0 0 33 0 22 0 46 61 14 0 0 34 0 0 0 1 
0 14 27 14 0 0 34 4 0 0 20 8 0 0 0 0 21 20 41 0 0 0 12 21 14 0 0 
0 0 0 0 0 0 0 0 0 0 0 0 0 0 0 0 0 52 61 0 0 0 0 0 0 0 1 
0 0 0 0 0 0 0 0 0 29 0 4 0 0 0 0 21 0 41 0 0 0 0 21 0 0 0 
0 0 13 0 0 0 0 43 0 0 0 0 0 0 0 54 0 73 36 14 0 0 84 0 51 0 1 
0 0 19 4 0 0 0 28 0 21 20 4 4 8 0 0 0 0 0 28 0 0 36 0 0 17 0 
0 0 0 14 33 0 0 25 0 0 0 0 24 0 0 0 0 0 84 14 0 0 53 0 34 0 1 
0 12 0 8 0 19 0 0 0 0 28 0 4 21 0 0 0 0 33 0 0 0 14 0 0 17 0 
0 0 0 0 0 14 49 0 0 0 0 0 0 0 0 0 0 63 0 11 0 0 0 0 0 0 1 
0 0 0 14 0 0 0 34 0 8 0 4 0 0 0 0 0 0 59 0 0 0 0 0 0 0 0 
0 0 0 14 0 0 0 0 0 0 0 0 55 0 0 0 0 43 55 0 0 0 48 0 0 0 1 
0 13 0 37 0 0 0 0 0 0 33 4 4 0 0 0 0 0 41 0 0 0 0 27 0 17 0 
0 0 23 89 0 0 0 0 0 0 0 0 0 54 0 38 0 0 0 14 42 0 0 0 51 0 1 
0 0 7 8 0 0 0 14 0 0 28 0 0 0 0 0 0 0 0 0 0 0 0 0 57 0 0 
63 0 48 15 0 0 0 30 19 0 33 0 4 54 0 37 0 0 0 14 0 0 34 0 34 0 1 
0 19 27 8 0 34 19 14 0 8 0 8 19 23 0 0 0 0 0 0 0 0 0 27 0 15 0 
0 0 0 0 0 0 0 0 19 0 0 22 0 0 0 0 0 31 0 14 0 0 48 0 0 0 1 
0 14 40 0 0 0 0 0 0 0 0 0 0 0 0 0 0 0 0 0 0 0 36 21 0 0 0 
0 0 0 89 0 0 0 0 0 0 0 0 24 0 0 0 0 0 0 0 0 0 72 0 0 0 1 
0 0 0 14 0 0 0 0 0 0 28 4 0 0 0 0 0 0 0 0 0 0 36 0 0 0 0 
0 0 0 89 0 24 0 37 18 0 0 0 24 0 39 0 0 0 0 0 0 0 32 0 0 0 1 
63 0 0 0 0 0 0 0 0 0 0 0 0 0 41 0 0 0 0 0 0 0 72 0 0 0 1 
0 0 34 8 0 0 0 0 0 0 0 0 0 0 0 0 0 0 0 0 0 0 14 0 0 15 0 
63 0 30 0 0 0 0 0 0 0 0 0 0 0 0 0 0 0 72 11 0 0 53 0 0 0 1 
0 0 0 8 0 0 8 34 0 0 0 0 4 0 0 0 0 0 41 0 0 0 20 28 0 15 0 
0 4 32 0 0 0 0 69 0 0 0 0 0 0 0 0 0 20 0 11 0 0 53 0 0 0 1 
0 0 0 21 0 0 0 20 0 12 0 0 4 0 0 0 0 21 24 33 0 0 20 21 0 0 0 
45 0 0 14 0 31 0 0 13 0 0 0 0 33 0 39 0 52 54 11 0 0 48 0 0 0 1 
0 20 0 0 0 0 34 0 0 0 20 0 0 0 0 0 21 20 41 0 0 0 0 0 0 0 0 
0 99 0 14 95 0 14 0 0 0 0 0 0 0 5 60 0 0 0 0 0 0 0 0 0 0 1 
0 8 0 14 0 23 0 0 0 0 28 4 0 0 0 0 0 0 0 0 0 0 0 44 0 0 0 
0 0 0 0 0 0 0 43 0 0 0 0 0 0 0 0 0 0 87 53 0 0 0 0 0 0 1 
0 20 0 0 0 0 39 0 0 0 0 0 4 0 0 0 0 0 35 12 0 0 0 0 0 17 0 
0 24 101 51 95 0 0 0 18 0 0 0 24 0 0 0 0 0 0 11 0 0 48 0 0 0 1 
0 13 0 4 0 0 33 34 0 21 34 0 4 0 0 0 0 0 0 0 0 0 36 0 0 17 0 
0 0 0 0 0 26 0 0 0 0 0 0 46 37 0 0 0 0 0 14 0 0 24 0 0 0 1 
0 0 0 4 0 0 0 0 0 21 0 0 0 0 0 0 0 0 15 0 0 0 0 27 8 27 0 
0 4 0 0 0 31 49 0 13 0 0 0 0 40 5 0 0 52 54 11 0 0 48 0 0 0 1 
0 0 0 0 0 0 0 41 0 0 0 0 0 0 0 0 21 0 15 0 0 0 20 27 8 27 0 
0 0 0 0 95 43 0 30 8 0 0 0 0 0 0 0 0 0 77 14 0 0 32 0 0 0 1 
0 0 33 14 0 0 34 0 0 8 28 0 0 12 0 14 0 0 0 0 0 0 36 21 0 0 0 
0 4 0 0 95 0 0 0 19 0 0 0 0 11 0 0 0 0 47 110 25 0 30 0 0 0 1 
0 0 0 8 0 0 0 0 0 28 38 4 27 0 0 0 0 0 0 21 0 0 14 0 33 0 0 
70 21 0 63 0 25 0 57 13 0 0 37 0 0 0 39 0 0 60 35 0 0 31 0 0 0 1 
0 14 0 13 0 0 34 8 0 28 20 4 12 0 0 0 0 20 26 0 0 0 0 0 34 41 0 
0 0 0 0 19 0 0 0 8 0 0 42 0 0 0 0 0 0 0 14 0 0 32 0 0 0 1 
0 0 15 0 0 13 0 0 0 0 0 0 0 0 0 0 0 0 0 0 0 0 20 27 14 0 0 
0 0 23 89 0 0 0 36 0 0 0 0 0 54 62 38 0 91 0 11 0 0 0 0 0 0 1 
0 0 7 8 0 0 0 20 0 21 28 0 4 0 0 0 0 17 41 0 0 0 0 0 34 17 0 
0 58 0 0 0 0 0 0 18 0 0 0 36 0 0 34 0 0 0 0 0 0 0 0 0 0 1 
0 14 0 4 0 0 34 0 0 0 0 4 0 0 0 14 0 0 33 0 0 0 36 0 0 0 0 
0 0 37 0 0 0 0 0 0 0 0 0 0 0 5 0 0 0 0 0 0 53 0 0 33 0 1 
0 0 0 0 0 0 33 4 0 8 0 0 0 0 0 0 0 0 0 33 0 0 0 21 57 15 0 
0 0 0 0 0 43 0 0 84 0 0 47 0 0 5 54 0 0 60 11 47 0 48 0 0 0 1 
0 0 0 34 0 0 34 0 0 21 34 0 24 0 0 0 0 0 21 0 0 0 0 22 33 40 0 
0 0 0 0 0 0 0 43 0 0 0 0 0 0 0 0 0 0 87 53 0 0 0 0 0 0 1 
0 20 0 0 0 0 39 0 0 0 0 0 4 0 0 0 0 0 35 12 0 0 0 0 0 17 0 
0 0 0 89 0 0 0 54 0 0 0 0 24 0 0 0 0 0 0 14 0 0 48 0 0 0 1 
0 0 0 8 0 0 0 28 0 0 28 0 4 4 0 0 0 0 15 0 0 0 36 0 0 17 0 
0 24 101 51 95 0 0 0 18 0 0 0 24 0 0 0 0 0 0 11 0 0 48 0 0 0 1 
0 13 0 4 0 0 33 34 0 21 34 0 4 0 0 0 0 0 0 0 0 0 36 0 0 17 0 
0 0 0 0 0 0 0 15 0 0 0 0 0 0 0 0 0 0 0 0 0 0 0 0 0 0 1 
0 0 0 0 0 0 0 0 0 0 0 0 0 0 0 0 0 0 90 0 0 0 0 0 0 0 1 
0 20 0 31 0 0 0 0 0 0 0 0 0 0 0 0 8 0 0 0 0 0 0 0 0 0 0 
0 0 0 103 0 0 0 0 0 0 0 0 0 0 0 49 0 0 0 0 0 0 44 0 0 0 1 
0 20 0 0 0 20 34 0 0 0 0 27 0 0 0 0 0 0 0 0 0 0 0 0 0 40 0 
0 21 0 42 0 31 0 57 0 0 0 93 0 0 0 0 0 0 0 30 44 0 0 0 0 0 1 
0 0 0 34 0 0 17 0 0 8 0 28 12 0 0 0 0 0 0 21 0 0 42 21 0 0 0 
0 0 0 0 0 0 0 0 18 0 0 0 0 0 0 10 0 0 82 28 0 0 0 0 0 0 1 
0 0 0 0 0 0 0 0 0 0 0 0 13 13 0 0 0 0 15 8 0 0 0 21 4 0 0 
63 0 30 89 0 0 0 0 8 0 0 0 0 0 0 0 0 0 0 11 0 0 32 0 0 0 1 
0 0 0 8 0 0 8 34 0 0 0 0 0 0 0 0 0 0 41 0 0 0 36 28 0 15 0 
0 39 80 43 0 0 33 0 19 0 0 0 4 54 0 31 0 52 0 11 0 0 0 0 0 0 1 
0 0 0 13 0 0 12 14 0 20 28 4 12 0 0 0 43 0 41 0 0 0 0 0 0 0 0 
43 0 0 11 0 43 14 0 0 40 0 0 0 0 0 0 0 0 41 14 0 0 53 0 0 0 1 
0 0 33 4 0 0 34 34 0 8 0 21 12 0 0 0 20 0 7 0 0 0 12 0 0 0 0 
0 0 20 0 0 0 0 43 3 0 0 0 0 0 0 0 0 0 0 14 43 0 0 0 51 0 1 
0 0 40 0 0 17 0 0 0 0 0 0 4 0 0 0 0 0 26 0 0 0 0 0 0 17 0 
0 0 0 0 0 0 0 0 3 0 0 0 0 0 0 54 0 0 0 14 43 0 0 0 0 0 1 
0 0 40 0 0 17 0 0 0 0 0 0 0 0 0 21 0 0 24 0 0 0 42 0 0 21 0 
0 20 7 14 0 0 0 0 0 0 0 0 4 0 0 0 0 0 0 0 0 0 0 8 0 42 0 
0 0 0 0 0 0 0 43 115 0 0 38 0 0 0 0 0 0 0 14 15 0 0 0 0 0 1 
0 0 0 37 0 0 17 0 0 0 0 28 12 0 0 0 0 0 8 21 0 0 20 21 0 0 0 
0 21 0 42 0 51 0 57 0 0 0 93 0 0 0 0 0 0 0 30 44 0 0 0 0 0 1 
0 0 0 0 0 0 0 43 19 0 0 33 0 0 41 20 0 0 0 11 15 0 30 0 0 0 1 
0 0 0 34 0 0 0 34 0 21 0 0 17 23 0 0 20 0 26 0 0 0 0 31 0 0 0 
0 21 23 72 0 0 0 18 0 0 0 0 4 33 17 22 0 0 0 11 0 0 58 0 0 0 1 
0 14 0 8 0 0 34 34 0 0 13 0 12 21 0 0 0 0 0 0 0 0 14 21 34 11 0 
0 0 15 89 0 0 0 0 93 0 0 0 0 0 0 0 0 0 0 11 0 0 4 0 0 0 1 
0 0 0 8 0 0 0 0 0 12 28 13 0 36 0 0 0 0 0 0 0 0 0 0 0 0 0 
0 0 13 0 0 0 0 0 0 0 0 0 0 0 0 24 0 0 0 0 0 0 54 0 0 0 1 
0 0 0 0 0 20 0 0 0 0 33 8 0 0 0 0 0 0 0 0 0 0 0 0 0 33 0 
0 0 0 0 0 0 0 0 0 0 0 0 0 0 0 0 37 0 0 0 0 0 0 0 0 8 0 
0 0 0 0 0 52 0 0 13 0 0 0 0 0 0 0 0 0 0 0 0 0 0 0 0 0 1 
0 0 0 0 0 0 0 47 0 0 0 0 0 0 0 0 0 0 0 0 0 0 0 0 0 0 1 
0 0 0 36 0 0 0 43 46 0 0 0 0 33 0 22 0 0 60 11 22 0 84 0 0 0 1 
0 20 0 0 0 0 0 28 0 22 0 0 4 21 0 0 0 0 0 8 0 0 0 8 33 17 0 
0 0 15 0 0 24 0 30 0 0 0 0 4 54 0 0 0 0 59 11 0 0 0 0 34 0 1 
0 19 0 21 0 0 0 20 0 21 0 0 0 36 0 0 0 17 0 0 0 0 14 0 0 21 0 
0 21 0 89 99 31 0 18 0 0 0 33 0 33 0 0 0 0 0 24 44 0 0 0 0 0 1 
0 0 26 8 0 0 23 0 0 21 38 0 12 0 0 0 0 0 15 0 0 0 0 21 34 0 0 
0 21 92 42 0 31 0 18 0 0 0 0 24 0 5 22 0 0 57 0 0 0 0 0 0 0 1 
0 0 0 34 0 0 0 14 0 8 28 4 12 21 0 0 0 0 0 8 0 0 14 0 8 40 0 
0 21 0 0 0 0 0 0 45 0 0 0 0 0 0 0 0 0 0 0 0 0 18 0 0 0 1 
0 8 0 0 0 0 4 0 0 0 28 4 0 0 0 0 0 0 0 0 0 0 0 0 8 0 0 
0 0 0 13 0 0 0 0 0 0 38 0 4 0 0 0 0 0 0 21 0 0 0 12 0 17 0 
0 30 0 14 95 30 0 43 13 0 0 0 0 0 0 0 0 0 0 11 0 0 0 0 0 0 1 
0 0 7 21 0 0 0 20 0 0 0 0 0 0 0 0 0 37 0 0 0 0 19 33 0 0 0 
0 0 7 21 0 0 33 0 0 0 0 0 4 0 0 0 0 0 0 0 0 0 19 8 0 8 0 
0 0 0 0 0 0 0 43 13 0 0 0 0 86 39 0 0 0 0 11 0 0 54 0 0 0 1 
0 0 7 8 0 0 0 14 0 8 28 0 0 23 0 0 0 0 59 0 0 0 0 0 0 0 0 
0 0 23 89 95 0 0 0 0 0 0 0 38 54 0 38 0 0 0 0 0 0 0 0 0 0 1 
0 20 0 23 0 0 0 20 0 0 0 0 0 21 0 0 0 19 41 0 0 0 14 0 33 0 0 
16 30 0 0 0 31 0 0 0 0 0 0 4 33 0 0 0 0 0 48 0 0 27 0 34 0 1 
14 22 0 0 0 0 4 0 0 8 0 8 0 0 0 0 0 0 0 0 0 0 0 21 0 40 0 
106 0 0 0 0 58 0 0 0 0 0 0 0 0 0 31 0 0 55 0 0 0 0 0 0 0 1 
93 0 0 0 0 0 33 64 0 0 0 0 0 0 0 0 0 0 0 11 0 0 0 0 23 0 1 
0 0 0 4 0 0 0 8 0 8 0 0 0 0 0 8 0 0 0 0 0 0 36 0 34 0 0 
0 0 0 14 0 0 34 0 0 8 14 0 0 0 0 0 0 0 0 0 0 0 0 0 34 0 0 
0 0 15 0 0 36 0 0 19 0 0 0 19 0 0 0 0 0 0 14 0 0 0 0 0 0 1 
0 0 15 0 0 0 0 30 0 0 0 0 4 0 0 22 0 0 0 11 0 0 0 0 34 0 1 
37 0 15 0 0 0 0 0 0 0 0 0 0 46 0 20 0 0 49 23 15 0 0 0 34 0 1 
0 0 0 21 0 20 0 0 0 21 4 0 17 21 0 0 20 0 26 0 0 0 0 0 8 20 0 
0 20 0 0 0 20 0 0 0 0 0 22 0 0 0 0 0 0 35 0 0 0 0 0 0 21 0 
0 0 15 0 0 31 0 0 0 0 0 0 0 0 0 24 0 0 0 0 0 0 0 0 0 0 1 
0 0 7 8 0 0 0 0 0 0 28 0 0 36 0 0 0 0 0 8 0 0 0 0 0 46 0 
0 0 23 89 95 0 0 0 0 0 0 0 0 0 5 0 0 0 76 11 0 0 0 0 34 0 1 
0 0 0 0 0 0 4 4 0 0 39 0 0 0 0 0 27 0 15 0 0 0 14 0 0 0 0 
0 0 57 0 0 0 0 43 18 0 0 0 37 0 0 0 0 0 67 72 0 0 0 0 0 0 1 
0 0 0 34 0 0 0 14 0 0 0 0 0 0 0 0 0 0 21 0 0 0 0 21 33 40 0 
74 0 0 75 83 43 0 0 18 0 0 0 0 0 5 0 0 0 0 24 0 0 0 0 0 0 1 
13 0 0 14 0 0 0 43 115 0 0 0 0 0 41 0 0 73 0 14 0 0 0 0 0 0 1 
0 0 0 13 0 0 0 4 0 21 0 0 0 0 0 0 0 17 41 21 0 0 0 8 0 0 0 
0 0 0 0 0 0 8 0 0 21 0 0 4 0 0 0 0 0 15 0 0 0 0 0 24 42 0 
0 0 0 0 0 46 0 0 18 0 0 0 0 0 0 0 0 0 0 0 0 0 84 0 85 0 1 
0 0 19 0 0 0 0 0 0 0 0 0 4 0 0 0 0 0 24 33 0 0 0 21 57 0 0 
0 0 0 0 0 46 0 0 18 0 0 0 0 0 0 0 0 0 0 113 0 0 48 0 85 0 1 
0 0 0 0 0 0 0 0 0 0 0 0 4 0 0 0 0 0 24 33 0 0 0 21 33 0 0 
0 0 0 0 0 0 0 0 18 0 0 0 0 0 0 0 0 0 0 0 0 0 48 48 85 0 1 
0 0 0 0 0 0 0 0 0 0 0 0 4 0 0 12 0 0 24 33 0 0 0 21 57 0 0 
0 0 0 0 95 0 0 0 18 0 0 0 0 0 0 0 0 80 0 11 0 0 53 0 0 0 1 
0 12 0 4 0 0 0 28 0 0 38 0 4 0 0 0 0 0 24 28 0 0 0 0 21 0 0 
0 0 15 43 62 0 0 0 0 0 0 0 0 0 0 0 0 0 0 11 0 0 0 0 34 0 1 
0 0 26 0 0 0 0 0 0 21 4 0 0 0 0 0 0 0 15 0 0 0 13 0 13 53 0 
0 0 0 0 99 0 0 69 0 0 0 0 0 54 0 0 0 0 0 0 0 0 0 0 0 0 1 
0 0 0 0 0 0 0 14 0 0 38 0 0 0 0 0 0 4 0 0 0 0 0 21 33 0 0 
78 0 96 0 0 31 0 0 18 0 0 0 75 0 0 0 0 0 0 11 0 0 48 0 0 0 1 
0 0 0 11 0 0 14 0 0 21 0 0 4 0 0 0 0 0 24 0 0 0 0 0 0 28 0 
0 4 15 0 95 0 0 0 65 0 0 0 0 0 0 0 0 0 0 11 0 0 0 0 0 0 1 
0 0 0 8 0 0 0 0 0 0 8 0 0 0 0 22 0 0 0 0 0 0 0 0 8 0 0 
0 0 82 0 0 0 0 0 0 0 0 0 0 0 0 59 0 0 0 0 0 0 0 0 0 0 1 
0 0 0 0 0 0 0 0 0 30 0 0 0 0 0 21 0 0 0 8 0 0 17 0 33 0 0 
0 0 57 89 0 0 0 25 0 0 0 0 0 0 0 0 0 0 56 24 0 0 46 0 0 0 1 
0 0 30 0 0 20 0 0 0 8 0 0 0 0 0 0 0 0 15 0 0 0 20 12 34 0 0 
0 0 0 14 95 73 0 43 0 0 0 0 19 0 17 0 0 73 0 0 0 0 0 0 0 0 1 
0 0 0 0 0 0 0 34 0 8 38 0 0 0 0 0 0 20 0 28 0 0 0 0 0 40 0 
0 0 32 0 0 24 0 0 8 0 0 0 0 54 41 0 0 0 0 11 0 0 0 0 0 0 1 
0 20 0 14 0 0 0 14 0 0 0 4 0 0 0 0 0 0 0 0 0 0 0 0 0 21 0 
16 37 0 36 0 31 0 0 106 0 0 0 0 0 32 22 0 73 0 11 0 0 84 0 0 0 1 
0 14 19 4 0 0 0 34 0 21 8 0 4 0 0 22 0 0 24 0 0 0 34 27 13 40 0 
0 0 0 14 0 0 0 43 0 0 0 73 0 0 0 12 0 0 0 0 0 0 0 0 0 0 1 
0 14 0 0 0 0 0 0 0 0 0 12 4 0 0 21 0 0 0 8 0 0 20 0 28 46 0 
0 0 78 0 0 0 0 0 0 0 0 53 0 54 0 0 0 0 0 72 0 0 0 0 85 0 1 
0 0 0 21 0 0 33 20 0 0 0 15 0 0 0 0 0 0 8 33 0 0 0 0 33 0 0 
35 0 84 89 95 0 0 0 0 0 0 47 19 0 47 0 0 0 0 24 0 0 52 0 0 0 1 
0 20 0 8 0 0 33 28 0 22 28 0 0 0 0 8 8 0 15 0 0 0 0 22 27 0 0 
0 0 0 89 0 0 0 0 0 0 0 0 44 0 0 0 0 0 0 0 0 0 48 0 0 0 1 
0 13 36 8 0 0 34 0 0 0 28 0 4 0 0 8 0 0 33 0 0 0 0 0 0 17 0 
0 37 0 0 0 0 0 0 26 0 0 0 0 0 0 36 0 0 0 11 15 0 24 0 34 0 1 
0 14 0 0 0 34 0 4 0 21 0 0 0 0 0 0 36 0 15 0 0 0 0 0 34 46 0 
0 0 13 0 0 64 0 0 0 0 0 0 0 0 0 0 0 0 56 0 22 89 46 0 0 0 1 
0 0 0 0 0 20 34 0 0 0 4 0 0 13 0 8 0 0 15 0 0 0 20 21 34 0 0 
0 0 0 0 90 0 0 43 0 0 0 0 0 0 0 93 0 0 34 14 0 0 0 0 0 0 1 
0 0 25 20 0 0 0 0 0 0 0 0 24 0 0 0 0 0 0 0 0 0 0 0 0 0 1 
0 0 0 4 0 0 34 0 0 0 0 0 0 36 0 0 0 0 27 0 0 0 14 0 33 0 0 
0 0 69 0 0 0 0 0 0 0 0 0 0 0 0 0 0 0 0 0 0 0 0 0 0 0 1 
0 27 0 14 17 0 0 7 0 0 0 8 0 0 0 0 20 0 0 0 0 0 0 0 0 0 0 
0 0 0 24 0 0 0 20 0 0 0 0 0 0 0 0 0 0 0 0 0 0 0 0 0 0 0 
0 0 0 0 0 0 0 0 0 0 0 0 0 0 0 0 0 0 0 91 0 0 0 0 0 0 1 
60 0 0 0 0 0 0 0 20 0 0 0 0 0 0 0 0 0 0 0 0 0 0 0 0 0 1 
0 0 0 0 0 0 0 0 0 21 0 0 0 0 0 23 0 0 0 0 0 0 0 0 0 0 0 
0 0 0 11 0 0 0 34 0 0 33 0 0 0 0 0 0 0 41 0 0 0 0 0 0 0 0 
0 0 0 89 0 0 0 0 0 0 0 0 0 0 0 0 0 0 38 0 0 0 0 0 0 0 1 
0 0 0 8 0 0 0 0 0 0 28 0 0 0 0 0 0 0 51 0 0 0 0 0 0 0 0 
0 0 0 8 0 0 8 0 0 0 0 0 0 0 0 0 0 0 0 0 0 0 0 51 0 15 0 
63 0 32 0 0 0 0 0 0 0 0 0 0 0 0 0 0 0 0 0 0 0 0 0 0 0 1 
0 0 9 0 0 0 0 0 0 21 0 0 0 0 0 0 0 0 0 0 0 0 0 0 0 0 0 
0 0 0 8 0 0 0 0 0 17 28 0 0 0 0 0 0 0 0 0 0 0 0 0 0 0 0 
0 0 25 0 95 0 0 0 0 0 0 0 0 0 0 0 0 0 0 0 0 0 0 0 0 0 1 
0 0 0 0 0 31 0 0 0 0 0 72 0 0 0 0 0 0 0 0 0 0 76 0 0 0 1 
0 0 0 0 0 0 0 0 0 0 0 24 0 0 0 0 0 0 41 0 0 0 0 0 0 0 0 
0 0 0 0 0 0 0 0 123 0 0 0 0 0 0 0 0 0 0 0 0 0 0 0 0 0 1 
0 0 0 0 0 0 0 0 0 0 0 0 0 0 0 0 0 0 0 0 0 0 0 8 0 0 0 
0 0 0 0 0 23 0 8 0 0 0 0 0 0 0 0 0 0 0 14 0 0 0 44 0 0 0 
0 0 106 0 0 0 0 0 0 0 0 0 0 0 0 0 0 0 0 0 0 0 0 0 0 0 1 
0 15 0 0 0 0 0 0 0 8 0 0 0 0 0 0 0 0 0 0 0 0 0 0 0 0 0 
0 0 0 0 0 0 0 0 0 0 0 0 0 0 0 0 0 0 0 0 0 0 0 21 27 33 0 
0 0 0 0 0 0 0 0 0 0 0 25 0 0 0 150 0 0 0 0 0 0 0 0 0 0 1 
0 0 0 93 0 0 0 0 0 0 0 0 0 54 0 0 0 0 0 72 0 0 0 0 0 0 1 
0 0 0 0 0 0 0 0 0 0 0 0 0 0 0 23 0 0 33 0 0 0 0 0 33 0 0 
0 0 0 24 0 0 0 20 0 0 0 0 0 0 0 0 0 0 0 0 0 0 0 0 0 0 0 
0 0 0 0 0 0 0 0 0 0 0 0 0 54 0 0 0 0 0 91 0 0 0 0 0 0 1 
0 0 0 21 0 25 0 0 0 21 0 0 0 0 0 0 0 0 0 0 0 0 19 0 0 0 0 
0 0 0 0 0 0 0 0 0 0 0 0 0 34 0 0 0 0 31 11 0 0 0 0 0 0 1 
0 0 42 0 0 0 0 0 0 12 0 0 0 0 0 0 0 0 0 0 0 0 0 0 0 0 0 
0 0 0 0 0 81 0 0 0 0 0 0 0 0 0 0 0 0 77 0 0 0 0 0 0 0 1 
0 22 0 0 0 0 0 14 0 0 0 0 0 0 0 0 0 0 0 0 0 0 0 0 0 0 0 
0 0 0 0 0 0 0 0 0 0 0 0 0 54 0 0 0 0 58 0 0 0 0 0 0 0 1 
0 0 52 0 0 0 0 0 0 0 0 0 0 0 0 0 81 0 72 0 0 0 0 0 0 0 1 
0 0 0 0 0 12 0 0 0 0 0 0 0 0 0 0 0 0 0 0 0 0 0 0 57 0 0 
56 0 0 0 0 0 0 0 0 0 0 0 0 0 0 0 0 0 0 0 0 0 0 0 0 0 1 
0 0 0 0 95 0 0 0 101 0 0 0 0 0 0 0 0 0 0 0 0 0 0 0 0 0 1 
0 0 0 49 0 0 0 0 0 0 0 0 0 0 0 0 0 0 0 0 90 0 0 0 0 0 1 
0 0 0 0 0 0 0 0 0 0 0 0 59 0 0 0 0 97 0 0 0 0 0 0 0 0 1 
0 0 0 0 0 0 0 0 0 0 0 0 0 0 0 0 0 51 0 0 0 0 0 0 0 15 0 
0 21 0 0 0 0 0 0 0 12 0 8 0 23 0 0 0 0 0 0 0 0 0 0 0 0 0 
0 0 0 0 0 0 0 0 0 30 0 0 0 0 0 21 0 0 0 0 0 0 0 0 33 0 0 
0 0 82 0 0 0 49 0 0 0 0 0 0 0 0 0 0 0 0 0 0 0 0 0 0 0 1 
0 0 0 0 0 0 0 0 0 0 0 9 0 0 0 0 0 0 0 23 0 0 0 0 0 0 1 
0 0 9 0 0 0 0 0 0 0 0 0 0 0 0 0 0 0 0 0 0 0 0 0 4 0 0 
0 0 0 0 0 0 0 0 0 0 0 19 0 0 0 12 0 0 0 0 0 0 0 0 0 0 0 
0 0 33 0 0 0 0 0 0 0 0 0 0 0 0 0 0 0 105 0 0 0 0 0 0 0 1 
0 0 0 0 0 0 0 43 0 0 0 33 0 0 0 0 0 0 0 0 0 0 0 0 0 0 1 
0 0 0 0 0 0 0 43 0 0 0 0 29 0 0 0 0 0 0 0 0 0 0 0 0 0 1 
0 0 0 0 0 0 0 0 0 0 0 0 0 0 0 52 0 0 0 0 0 0 0 0 0 0 1 
0 0 0 0 0 0 0 0 0 0 0 0 0 0 0 0 43 0 0 0 0 0 0 0 0 0 0 
0 0 0 37 0 0 0 0 0 28 0 0 0 0 0 0 0 0 0 0 0 0 0 0 0 0 0 
0 0 0 37 0 0 0 0 0 0 0 0 0 0 0 0 21 0 21 0 0 0 0 0 0 0 0 
0 0 23 0 0 0 0 0 0 0 0 0 0 0 0 0 0 0 0 0 0 0 0 0 0 0 1 
0 0 0 0 0 0 0 0 0 21 0 0 0 0 0 0 36 0 0 0 0 0 0 0 0 0 0 
0 0 0 0 0 0 0 34 0 0 0 0 0 0 0 0 0 0 0 47 0 0 0 0 0 0 0 
0 0 0 0 0 0 49 0 0 0 0 0 0 0 5 0 0 90 0 11 0 0 0 0 0 0 1 
0 0 0 0 0 0 0 0 0 0 0 32 0 0 0 0 0 0 0 0 0 0 0 0 0 0 1 
0 0 0 8 0 0 0 0 0 0 0 0 0 0 0 0 0 0 38 0 0 0 0 0 0 0 0 
0 0 0 0 0 0 0 0 0 21 38 0 0 0 0 0 0 0 0 0 0 0 0 0 0 0 0 
0 0 0 0 0 0 0 0 0 30 0 0 0 0 0 0 0 0 0 0 0 0 0 0 0 0 0 
0 0 0 0 95 42 0 0 0 0 0 0 0 0 0 0 0 0 0 0 0 0 0 0 0 0 1 
0 0 0 0 0 0 0 28 0 0 0 0 0 0 0 0 0 17 26 0 0 0 0 0 0 0 1 
0 0 0 33 0 0 20 0 0 0 0 20 0 0 0 0 0 0 20 0 0 0 0 0 0 0 0 
0 13 0 21 0 0 0 0 0 0 0 0 0 0 0 0 0 0 0 0 0 0 0 0 0 0 0 
0 0 0 0 0 0 0 0 0 0 0 0 0 0 0 0 0 0 0 0 0 0 76 0 0 0 1 
0 0 0 0 0 0 0 0 0 0 0 0 0 0 0 0 0 0 59 0 0 0 0 0 0 0 1 
40 0 37 0 0 0 0 0 0 0 0 0 0 0 0 0 0 0 0 30 0 0 0 0 0 0 1 
0 0 0 0 0 0 23 0 45 0 0 0 0 0 0 0 0 0 0 14 15 0 0 0 0 0 1 
0 0 0 46 0 0 23 0 8 0 0 0 0 0 0 0 0 0 0 14 15 0 32 0 0 0 1 
0 0 0 0 0 0 29 0 0 0 0 0 0 0 0 0 0 0 41 0 15 0 0 0 0 0 1 
0 0 0 46 0 0 0 0 8 0 0 0 0 0 0 0 0 0 0 14 0 0 32 0 0 0 1 
36 0 0 0 0 0 0 0 0 0 0 0 0 0 0 0 0 0 0 0 0 0 0 0 34 0 1 
21 0 0 0 0 46 0 0 0 0 0 0 0 0 0 0 0 0 20 0 0 0 0 0 34 0 1 
0 0 0 14 0 0 0 0 0 0 0 0 0 0 0 0 0 0 34 0 0 0 26 0 34 0 1 
0 0 0 0 0 0 0 0 0 0 0 0 0 0 0 0 0 0 49 0 0 45 26 0 46 0 1 
0 0 0 14 0 0 0 0 0 0 0 0 0 0 0 0 0 0 34 0 0 0 26 0 34 0 1 
52 0 80 0 0 22 0 0 0 0 0 0 0 27 0 0 0 0 0 0 0 0 0 0 0 0 1 
40 0 37 0 0 0 0 0 0 0 0 0 0 0 10 52 0 0 0 11 0 0 0 0 0 0 1 
0 0 0 0 0 0 13 0 0 30 0 0 4 8 0 0 0 0 24 21 0 0 0 0 0 0 0 
0 0 0 21 17 0 0 0 0 0 28 0 0 21 0 0 0 0 0 0 0 0 0 0 0 0 0 
0 0 15 14 0 0 0 0 0 0 0 4 17 0 0 0 0 0 0 0 0 0 36 0 0 0 0 
0 0 0 0 0 0 0 0 0 0 0 4 0 21 0 0 0 0 34 0 0 0 0 0 0 0 0 
0 0 0 21 0 0 0 0 0 27 0 4 0 0 0 0 0 0 0 0 0 0 0 0 8 0 0 
0 0 0 12 0 0 13 0 0 21 0 0 0 0 0 0 0 0 0 0 0 0 36 0 0 34 0 
0 0 0 8 0 18 0 4 0 0 0 4 0 0 0 0 0 0 0 0 0 0 0 0 0 0 0 
0 0 0 0 0 0 0 14 0 30 0 0 0 0 0 0 0 0 0 21 0 0 0 8 20 0 0 
0 0 0 0 0 0 0 28 0 0 0 4 0 0 0 0 0 0 0 0 0 0 36 0 0 0 0 
0 0 0 4 0 0 34 0 0 30 28 0 0 0 0 0 0 0 0 21 0 0 0 0 20 0 0 
0 20 0 4 0 0 17 0 0 12 0 0 0 0 0 0 0 0 26 0 0 0 36 0 24 34 0 
0 0 0 43 0 0 0 0 0 0 0 52 0 0 0 0 0 0 27 0 0 0 0 0 0 0 1 
0 0 26 0 17 0 4 0 0 0 0 19 0 0 0 0 0 0 0 0 0 0 0 0 0 0 0 
0 20 0 31 0 0 0 0 0 0 0 0 0 0 0 0 33 0 0 0 0 0 20 0 21 0 0 
0 0 0 0 0 0 0 0 0 0 0 0 0 0 0 31 0 0 0 126 38 0 0 0 0 0 1 
0 0 0 0 0 0 4 0 0 8 0 0 24 0 0 0 0 0 0 0 0 0 0 0 33 40 0 
0 0 0 89 0 29 0 0 0 0 0 0 0 0 0 0 0 52 0 11 0 0 0 0 0 0 1 
0 0 0 13 0 0 0 0 0 0 28 0 0 0 0 0 21 0 41 0 0 0 0 0 0 46 0 
0 0 91 36 0 0 0 43 19 0 68 0 29 0 17 0 0 0 0 14 0 0 0 0 0 0 1 
0 0 0 34 0 0 0 0 0 0 4 0 0 0 0 0 21 0 21 0 0 0 0 43 8 40 0 
0 0 0 0 99 0 0 25 0 0 0 0 19 0 0 0 0 0 0 0 0 0 50 0 0 0 1 
0 0 34 0 0 0 0 0 0 21 38 4 0 0 0 0 0 0 0 0 0 0 0 0 0 0 0 
0 0 61 0 0 31 0 0 0 0 0 0 0 0 0 0 0 0 0 11 0 0 66 0 0 0 1 
0 0 0 17 0 12 0 0 0 21 0 0 4 0 0 0 0 0 41 0 0 0 0 0 0 17 0 
0 0 0 89 0 0 0 0 0 0 0 0 24 0 0 0 0 0 0 0 0 0 34 0 0 0 1 
0 0 0 89 95 0 0 0 0 0 0 0 0 0 0 0 0 0 0 33 0 0 38 0 34 0 1 
0 0 0 8 0 0 4 28 0 0 28 0 4 0 0 0 0 0 15 0 0 0 36 0 0 17 0 
0 20 7 14 0 0 0 0 0 0 28 4 0 0 0 0 0 0 0 0 0 0 14 8 8 0 0 
0 39 0 0 0 0 0 57 0 0 0 0 0 56 41 0 0 45 49 11 0 0 18 0 0 0 1 
0 0 0 13 0 20 0 28 0 21 0 0 12 0 0 0 0 23 0 27 0 0 0 0 34 41 0 
0 0 67 36 0 0 0 0 115 0 0 104 0 33 0 0 0 0 0 14 41 0 21 0 0 0 1 
0 20 0 0 0 0 23 0 0 0 0 21 0 0 0 0 0 0 35 0 0 0 42 8 0 0 0 
0 0 23 0 95 0 0 43 131 0 0 0 0 0 0 0 0 0 0 14 0 0 0 0 0 0 1 
0 0 7 8 0 0 40 0 0 8 28 0 4 0 0 0 0 0 0 0 0 0 0 0 0 17 0 
28 21 0 0 0 0 49 25 5 0 0 22 24 33 0 0 0 46 0 14 0 0 48 0 23 0 1 
0 0 0 14 0 0 0 8 0 0 0 0 0 0 0 21 0 0 41 0 0 0 12 27 0 0 0 
0 0 34 0 0 0 0 36 0 0 0 0 0 0 0 0 0 0 56 14 0 0 0 0 0 0 1 
13 0 0 33 0 12 0 0 0 8 0 0 4 0 0 0 0 0 41 8 0 0 0 8 33 17 0 
0 0 0 8 0 0 0 8 0 0 38 0 0 0 0 0 0 17 0 0 0 0 0 0 33 17 0 
74 0 0 68 0 0 0 0 0 0 0 0 24 0 0 0 96 0 0 26 0 0 53 0 0 0 1 
0 20 0 4 0 0 0 28 0 27 0 0 4 0 0 0 0 13 0 8 0 0 17 0 19 11 0 
0 0 0 0 0 0 0 0 0 0 0 0 0 0 0 0 0 0 0 49 0 0 0 0 34 0 1 
0 0 0 0 0 0 0 0 0 0 0 4 0 27 0 0 0 0 0 0 0 0 0 12 0 0 0 
0 0 80 0 0 0 0 0 0 0 0 0 0 0 81 0 0 0 0 30 0 0 0 0 0 0 1 
0 0 0 34 0 0 0 0 0 27 38 4 0 0 0 0 21 13 41 0 0 0 14 0 33 0 0 
0 4 15 0 0 0 0 0 0 0 0 0 23 0 0 61 0 0 36 43 0 0 0 0 0 0 1 
0 0 0 0 0 0 0 43 0 0 0 0 0 0 41 17 0 0 0 11 0 0 0 0 0 0 1 
0 0 0 13 0 0 0 0 0 0 0 0 4 0 0 0 0 0 0 0 0 0 0 8 0 42 0 
63 65 0 0 0 31 0 0 18 0 0 0 0 14 80 0 0 0 0 51 0 0 0 0 0 0 1 
0 0 0 0 0 0 0 34 0 0 0 0 0 0 0 8 0 0 0 0 0 0 0 31 0 0 0 
0 0 0 89 0 0 0 0 0 0 0 0 0 0 0 0 0 0 77 0 0 0 0 0 0 0 1 
0 0 30 0 0 0 0 0 0 21 0 0 0 0 0 0 0 0 0 0 0 0 0 0 0 0 0 
0 0 0 0 57 0 0 0 0 0 0 0 0 0 0 0 0 0 38 11 0 0 0 0 0 0 1 
0 0 0 34 0 0 0 0 0 0 33 0 0 0 0 0 21 0 21 0 0 0 17 0 33 0 0 
0 0 9 8 0 0 34 0 0 8 28 0 0 0 0 0 0 0 0 0 0 0 0 33 0 0 0 
0 0 25 0 95 0 0 0 131 0 0 0 0 0 0 0 0 0 0 0 0 0 0 0 0 0 1 
0 0 0 8 0 0 8 0 0 0 0 0 4 33 0 0 21 0 0 0 0 0 36 0 14 17 0 
63 0 30 14 0 0 0 43 0 0 0 0 24 0 0 0 0 0 0 0 0 0 0 0 0 0 1 
0 0 0 13 0 20 0 34 0 0 33 0 4 0 0 0 0 0 0 0 0 0 0 0 0 17 0 
45 0 0 0 0 0 0 43 18 0 0 0 7 0 41 24 0 0 0 11 0 0 30 0 34 0 1 
0 0 0 0 0 0 0 0 18 0 0 0 24 54 5 22 0 80 47 11 0 0 48 0 0 0 1 
0 14 0 34 0 0 34 14 0 8 0 0 8 0 0 0 0 0 21 28 0 0 36 0 33 0 0 
0 0 0 0 0 0 0 0 18 0 0 0 24 54 5 22 0 80 47 11 0 0 48 0 0 0 1 
0 0 0 0 0 0 0 0 0 0 0 0 0 0 49 0 0 0 78 144 0 0 0 0 0 0 1 
0 0 0 0 0 0 0 15 0 0 0 0 0 0 0 0 0 0 0 14 0 0 0 0 33 40 0 
0 0 30 89 0 0 0 43 0 0 0 0 0 14 0 0 0 0 0 50 0 0 0 0 0 0 1 
0 0 0 0 0 0 0 34 0 0 0 0 12 0 0 0 0 17 33 0 0 0 0 0 34 42 0 
0 0 23 0 0 0 0 37 0 0 0 0 4 0 0 0 0 0 101 11 0 0 0 0 0 0 1 
0 0 0 0 0 19 0 0 0 0 0 32 0 0 0 0 0 0 15 0 0 0 0 8 0 0 0 
0 0 32 0 0 0 0 0 0 0 0 0 0 34 0 0 0 0 0 0 0 0 0 0 0 0 0 
0 14 42 21 0 0 0 0 0 0 0 0 0 0 0 0 0 0 0 0 0 0 0 0 0 0 0 
0 0 0 0 0 0 39 0 0 0 0 0 0 0 0 0 0 0 35 0 0 0 0 0 0 0 0 
0 0 0 0 0 0 0 0 0 0 0 0 0 0 0 0 0 0 0 27 0 0 19 0 0 0 0 
0 0 0 0 0 0 0 0 0 0 0 0 0 0 0 0 0 0 0 68 0 0 0 0 0 0 1 
0 0 0 0 0 0 0 0 0 0 0 0 0 0 24 0 0 0 0 0 0 0 0 0 0 0 1 
0 0 0 4 0 0 0 0 0 0 14 0 0 0 0 0 0 0 0 0 0 0 0 0 8 0 0 
0 0 0 0 0 0 0 0 0 0 0 0 0 0 0 0 0 0 90 0 0 0 0 0 0 0 1 
0 20 0 31 0 0 0 0 0 0 0 0 0 0 0 0 8 0 0 0 0 0 0 0 0 0 0 
0 0 0 0 0 0 0 34 0 0 0 0 0 0 0 8 0 0 0 0 0 0 0 31 0 0 0 
0 0 0 35 0 0 0 0 0 0 0 0 0 0 0 0 0 0 77 0 0 0 0 0 0 0 1 
0 0 0 0 0 0 0 0 0 0 0 0 31 0 0 0 0 0 0 0 0 0 0 0 0 0 1 
0 0 0 0 0 0 0 0 0 8 0 0 0 0 0 0 0 0 0 0 0 0 0 0 58 0 0 
0 0 0 0 0 0 20 30 0 0 0 0 0 0 0 0 0 0 0 0 0 0 0 0 0 0 1 
0 0 0 0 0 0 0 0 0 0 0 0 0 0 0 0 0 0 0 0 0 0 0 0 33 65 0 
0 0 0 0 0 0 0 0 115 0 0 0 0 27 0 0 0 0 0 0 0 0 0 0 0 0 1 
0 0 25 0 0 31 0 0 19 0 0 0 4 0 0 0 0 0 0 0 0 0 0 0 0 0 1 
13 0 0 0 0 20 0 28 0 0 0 0 0 0 0 0 0 0 0 0 0 0 0 0 19 0 0 
0 20 7 0 0 0 0 0 0 0 0 0 0 0 0 0 0 0 0 0 0 0 14 8 8 0 0 
0 0 0 89 95 0 0 0 18 0 0 0 0 0 0 0 0 0 47 0 0 0 53 0 0 0 1 
0 0 0 8 0 0 0 34 0 0 38 0 13 4 0 0 0 0 33 0 0 0 0 0 0 11 0 
63 0 23 0 0 0 31 30 18 0 0 0 4 54 41 0 0 0 0 11 0 0 0 0 34 0 1 
0 19 7 8 0 0 0 14 0 0 4 4 0 27 0 0 43 0 0 0 0 0 14 8 8 15 0 
0 21 0 0 0 23 0 18 46 0 0 104 0 41 0 39 0 0 0 0 0 0 0 0 0 0 1 
0 0 21 0 0 23 0 0 0 0 0 28 0 0 0 0 0 20 15 0 0 0 42 21 8 0 0 
0 0 0 89 0 31 0 0 0 0 0 60 0 0 0 0 0 0 0 24 0 0 66 0 0 0 1 
0 0 0 21 0 0 0 0 0 8 0 0 0 0 0 8 0 0 33 0 0 0 19 0 0 28 0 
42 0 0 89 0 0 0 0 78 0 0 0 0 0 0 0 0 0 0 0 0 0 51 0 34 0 1 
0 0 0 0 0 0 0 28 0 21 0 12 0 0 0 8 8 0 41 40 0 0 0 0 0 0 0 
0 0 30 0 0 0 0 43 0 0 0 0 0 0 0 20 0 0 0 24 15 0 0 0 0 0 1 
25 0 0 0 17 61 0 43 18 21 0 0 29 0 5 0 0 0 15 11 0 0 0 0 0 40 1 
0 20 0 14 0 0 0 4 0 21 0 0 0 0 0 0 0 0 15 0 0 0 0 0 19 0 0 